667
567
467
367
267
167
567
467
367
267
167
67
467
367
267
167
67
33
367
267
167
67
33
133
267
167
67
33
133
233
167
67
33
133
233
333
567
467
367
267
167
67
557
457
357
257
157
57
547
447
347
247
147
47
267
257
247
237
227
217
167
157
147
137
127
117
67
57
47
37
27
17
467
367
267
167
67
33
457
357
257
157
57
43
447
347
247
147
47
53
167
157
147
137
127
117
67
57
47
37
27
17
33
43
53
63
73
83
367
267
167
67
33
133
357
257
157
57
43
143
167
157
147
137
127
117
67
57
47
37
27
17
33
43
53
63
73
83
317
217
117
17
83
183
267
167
67
33
133
233
167
157
147
137
127
117
67
57
47
37
27
17
33
43
53
63
73
83
227
127
27
73
173
273
217
117
17
83
183
283
167
67
33
133
233
333
67
57
47
37
27
17
33
43
53
63
73
83
133
143
153
163
173
183
127
27
73
173
273
373
117
17
83
183
283
383
657
557
457
357
257
157
557
457
357
257
157
57
457
357
257
157
57
43
357
257
157
57
43
143
257
157
57
43
143
243
157
57
43
143
243
343
557
457
357
257
157
57
547
447
347
247
147
47
537
437
337
237
137
37
257
247
237
227
217
207
157
147
137
127
117
107
57
47
37
27
17
7
457
357
257
157
57
43
447
347
247
147
47
53
437
337
237
137
37
63
157
147
137
127
117
107
57
47
37
27
17
7
43
53
63
73
83
93
357
257
157
57
43
143
347
247
147
47
53
153
157
147
137
127
117
107
57
47
37
27
17
7
43
53
63
73
83
93
307
207
107
7
93
193
257
157
57
43
143
243
157
147
137
127
117
107
57
47
37
27
17
7
43
53
63
73
83
93
217
117
17
83
183
283
207
107
7
93
193
293
157
147
137
127
117
107
57
47
37
27
17
7
43
53
63
73
83
93
127
27
73
173
273
373
117
17
83
183
283
383
107
7
93
193
293
393
467
367
267
167
67
33
457
357
257
157
57
43
447
347
247
147
47
53
167
157
147
137
127
117
67
57
47
37
27
17
33
43
53
63
73
83
457
357
257
157
57
43
447
347
247
147
47
53
437
337
237
137
37
63
157
147
137
127
117
107
57
47
37
27
17
7
43
53
63
73
83
93
447
347
247
147
47
53
437
337
237
137
37
63
427
327
227
127
27
73
147
137
127
117
107
97
47
37
27
17
7
3
53
63
73
83
93
103
437
337
237
137
37
63
427
327
227
127
27
73
417
317
217
117
17
83
137
127
117
107
97
87
37
27
17
7
3
13
63
73
83
93
103
113
67
57
47
37
27
17
57
47
37
27
17
7
47
37
27
17
7
3
37
27
17
7
3
13
27
17
7
3
13
23
17
7
3
13
23
33
33
43
53
63
73
83
43
53
63
73
83
93
53
63
73
83
93
103
63
73
83
93
103
113
73
83
93
103
113
123
83
93
103
113
123
133
367
267
167
67
33
133
357
257
157
57
43
143
167
157
147
137
127
117
67
57
47
37
27
17
33
43
53
63
73
83
317
217
117
17
83
183
357
257
157
57
43
143
347
247
147
47
53
153
157
147
137
127
117
107
57
47
37
27
17
7
43
53
63
73
83
93
307
207
107
7
93
193
347
247
147
47
53
153
337
237
137
37
63
163
147
137
127
117
107
97
47
37
27
17
7
3
53
63
73
83
93
103
297
197
97
3
103
203
67
57
47
37
27
17
57
47
37
27
17
7
47
37
27
17
7
3
37
27
17
7
3
13
27
17
7
3
13
23
17
7
3
13
23
33
33
43
53
63
73
83
43
53
63
73
83
93
53
63
73
83
93
103
63
73
83
93
103
113
73
83
93
103
113
123
83
93
103
113
123
133
317
217
117
17
83
183
307
207
107
7
93
193
117
107
97
87
77
67
17
7
3
13
23
33
83
93
103
113
123
133
267
167
67
33
133
233
267
167
67
33
133
233
167
157
147
137
127
117
67
57
47
37
27
17
33
43
53
63
73
83
227
127
27
73
173
273
217
117
17
83
183
283
257
157
57
43
143
243
157
147
137
127
117
107
57
47
37
27
17
7
43
53
63
73
83
93
217
117
17
83
183
283
207
107
7
93
193
293
67
57
47
37
27
17
57
47
37
27
17
7
47
37
27
17
7
3
37
27
17
7
3
13
27
17
7
3
13
23
17
7
3
13
23
33
33
43
53
63
73
83
43
53
63
73
83
93
53
63
73
83
93
103
63
73
83
93
103
113
73
83
93
103
113
123
83
93
103
113
123
133
227
127
27
73
173
273
127
117
107
97
87
77
27
17
7
3
13
23
73
83
93
103
113
123
187
87
13
113
213
313
177
77
23
123
223
323
217
117
17
83
183
283
117
107
97
87
77
67
17
7
3
13
23
33
83
93
103
113
123
133
177
77
23
123
223
323
167
67
33
133
233
333
167
67
33
133
233
333
67
57
47
37
27
17
33
43
53
63
73
83
133
143
153
163
173
183
127
27
73
173
273
373
117
17
83
183
283
383
67
57
47
37
27
17
57
47
37
27
17
7
47
37
27
17
7
3
37
27
17
7
3
13
27
17
7
3
13
23
17
7
3
13
23
33
33
43
53
63
73
83
43
53
63
73
83
93
53
63
73
83
93
103
63
73
83
93
103
113
73
83
93
103
113
123
83
93
103
113
123
133
137
127
117
107
97
87
37
27
17
7
3
13
63
73
83
93
103
113
107
7
93
193
293
393
97
3
103
203
303
403
87
13
113
213
313
413
127
117
107
97
87
77
27
17
7
3
13
23
73
83
93
103
113
123
97
3
103
203
303
403
87
13
113
213
313
413
77
23
123
223
323
423
117
107
97
87
77
67
17
7
3
13
23
33
83
93
103
113
123
133
87
13
113
213
313
413
77
23
123
223
323
423
67
33
133
233
333
433
657
557
457
357
257
157
557
457
357
257
157
57
457
357
257
157
57
43
357
257
157
57
43
143
257
157
57
43
143
243
157
57
43
143
243
343
557
457
357
257
157
57
547
447
347
247
147
47
537
437
337
237
137
37
257
247
237
227
217
207
157
147
137
127
117
107
57
47
37
27
17
7
457
357
257
157
57
43
447
347
247
147
47
53
437
337
237
137
37
63
157
147
137
127
117
107
57
47
37
27
17
7
43
53
63
73
83
93
357
257
157
57
43
143
347
247
147
47
53
153
157
147
137
127
117
107
57
47
37
27
17
7
43
53
63
73
83
93
307
207
107
7
93
193
257
157
57
43
143
243
157
147
137
127
117
107
57
47
37
27
17
7
43
53
63
73
83
93
217
117
17
83
183
283
207
107
7
93
193
293
157
147
137
127
117
107
57
47
37
27
17
7
43
53
63
73
83
93
127
27
73
173
273
373
117
17
83
183
283
383
107
7
93
193
293
393
647
547
447
257
247
147
556
447
347
247
156
47
447
356
256
156
56
53
356
256
156
56
53
153
247
156
137
127
117
244
147
47
53
144
253
344
556
456
347
247
147
47
546
446
346
246
146
46
536
436
336
245
145
45
256
246
245
226
243
206
147
146
145
144
143
142
47
46
36
26
43
6
456
347
256
147
56
44
446
346
246
146
46
54
445
336
236
145
36
55
147
146
136
144
116
106
47
46
36
44
16
6
53
54
55
74
84
94
356
256
147
47
53
153
346
246
146
46
54
154
147
146
136
126
125
106
56
46
45
26
16
42
44
54
55
56
84
58
306
242
106
42
94
158
247
147
56
53
144
253
147
146
145
126
116
106
56
46
45
26
16
6
44
54
64
74
84
94
243
143
43
57
184
257
107
106
6
58
103
258
156
146
145
144
143
142
47
46
36
44
43
6
53
54
64
56
84
58
126
26
74
174
274
22
116
16
57
184
257
357
106
42
94
194
294
358
457
357
257
157
57
43
447
347
247
147
47
53
437
337
237
137
37
63
157
147
137
127
117
107
57
47
37
27
17
7
43
53
63
73
83
93
456
356
256
156
56
44
446
346
246
146
46
54
436
336
236
136
36
64
156
146
136
126
116
106
56
46
36
26
16
6
44
54
64
74
84
94
437
337
237
137
37
63
436
336
236
136
36
64
435
335
235
135
35
65
137
136
135
134
133
132
37
36
35
34
33
32
63
64
65
66
67
68
427
327
227
127
27
73
426
326
226
126
26
74
425
325
225
125
25
75
127
126
125
124
123
122
27
26
25
24
23
22
73
74
75
76
77
78
57
47
37
27
17
7
56
46
36
26
16
6
55
45
35
25
15
5
27
26
25
24
23
22
17
16
15
14
13
12
7
6
5
4
3
2
43
44
45
46
47
48
53
54
55
56
57
58
63
64
65
66
67
68
46
56
66
76
86
96
47
57
67
77
87
97
48
58
68
78
88
98
357
257
157
57
43
143
347
247
147
47
53
153
157
147
137
127
117
107
57
47
37
27
17
7
43
53
63
73
83
93
307
207
107
7
93
193
356
256
156
56
44
144
346
246
146
46
54
154
156
146
136
126
116
106
56
46
36
26
16
6
44
54
64
74
84
94
306
206
106
6
94
194
337
237
137
37
63
163
336
236
136
36
64
164
137
136
135
134
133
132
37
36
35
34
33
32
63
64
65
66
67
68
332
232
132
32
68
168
57
47
37
27
17
7
56
46
36
26
16
6
55
45
35
25
15
5
27
26
25
24
23
22
17
16
15
14
13
12
7
6
5
4
3
2
43
44
45
46
47
48
53
54
55
56
57
58
63
64
65
66
67
68
46
56
66
76
86
96
47
57
67
77
87
97
48
58
68
78
88
98
307
207
107
7
93
193
306
206
106
6
94
194
107
106
105
104
103
102
7
6
5
4
3
2
93
94
95
96
97
98
302
202
102
2
98
198
257
157
57
43
143
243
157
147
137
127
117
107
57
47
37
27
17
7
43
53
63
73
83
93
217
117
17
83
183
283
207
107
7
93
193
293
256
156
56
44
144
244
156
146
136
126
116
106
56
46
36
26
16
6
44
54
64
74
84
94
216
116
16
84
184
284
206
106
6
94
194
294
57
47
37
27
17
7
56
46
36
26
16
6
55
45
35
25
15
5
27
26
25
24
23
22
17
16
15
14
13
12
7
6
5
4
3
2
43
44
45
46
47
48
53
54
55
56
57
58
63
64
65
66
67
68
46
56
66
76
86
96
47
57
67
77
87
97
48
58
68
78
88
98
217
117
17
83
183
283
117
116
115
114
113
112
17
16
15
14
13
12
83
84
85
86
87
88
213
113
13
87
187
287
212
112
12
88
188
288
207
107
7
93
193
293
107
106
105
104
103
102
7
6
5
4
3
2
93
94
95
96
97
98
203
103
3
97
197
297
202
102
2
98
198
298
157
57
43
143
243
343
57
56
55
54
53
52
43
44
45
46
47
48
143
144
145
146
147
148
153
53
47
147
247
347
152
52
48
148
248
348
57
47
37
27
17
7
56
46
36
26
16
6
55
45
35
25
15
5
27
26
25
24
23
22
17
16
15
14
13
12
7
6
5
4
3
2
43
44
45
46
47
48
53
54
55
56
57
58
63
64
65
66
67
68
46
56
66
76
86
96
47
57
67
77
87
97
48
58
68
78
88
98
127
126
125
124
123
122
27
26
25
24
23
22
73
74
75
76
77
78
124
24
76
176
276
376
123
23
77
177
277
377
122
22
78
178
278
378
117
116
115
114
113
112
17
16
15
14
13
12
83
84
85
86
87
88
114
14
86
186
286
386
113
13
87
187
287
387
112
12
88
188
288
388
107
106
105
104
103
102
7
6
5
4
3
2
93
94
95
96
97
98
104
4
96
196
296
396
103
3
97
197
297
397
102
2
98
198
298
398
467
367
267
167
67
33
457
357
257
157
57
43
447
347
247
147
47
53
167
157
147
137
127
117
67
57
47
37
27
17
33
43
53
63
73
83
457
357
257
157
57
43
447
347
247
147
47
53
437
337
237
137
37
63
157
147
137
127
117
107
57
47
37
27
17
7
43
53
63
73
83
93
447
347
247
147
47
53
437
337
237
137
37
63
427
327
227
127
27
73
147
137
127
117
107
97
47
37
27
17
7
3
53
63
73
83
93
103
437
337
237
137
37
63
427
327
227
127
27
73
417
317
217
117
17
83
137
127
117
107
97
87
37
27
17
7
3
13
63
73
83
93
103
113
67
57
47
37
27
17
57
47
37
27
17
7
47
37
27
17
7
3
37
27
17
7
3
13
27
17
7
3
13
23
17
7
3
13
23
33
33
43
53
63
73
83
43
53
63
73
83
93
53
63
73
83
93
103
63
73
83
93
103
113
73
83
93
103
113
123
83
93
103
113
123
133
457
357
257
157
57
43
447
347
247
147
47
53
437
337
237
137
37
63
157
147
137
127
117
107
57
47
37
27
17
7
43
53
63
73
83
93
456
356
256
156
56
44
446
346
246
146
46
54
436
336
236
136
36
64
156
146
136
126
116
106
56
46
36
26
16
6
44
54
64
74
84
94
437
337
237
137
37
63
436
336
236
136
36
64
435
335
235
135
35
65
137
136
135
134
133
132
37
36
35
34
33
32
63
64
65
66
67
68
427
327
227
127
27
73
426
326
226
126
26
74
425
325
225
125
25
75
127
126
125
124
123
122
27
26
25
24
23
22
73
74
75
76
77
78
57
47
37
27
17
7
56
46
36
26
16
6
55
45
35
25
15
5
27
26
25
24
23
22
17
16
15
14
13
12
7
6
5
4
3
2
43
44
45
46
47
48
53
54
55
56
57
58
63
64
65
66
67
68
46
56
66
76
86
96
47
57
67
77
87
97
48
58
68
78
88
98
447
347
247
147
47
53
437
337
237
137
37
63
427
327
227
127
27
73
147
137
127
117
107
97
47
37
27
17
7
3
53
63
73
83
93
103
446
346
246
146
46
54
436
336
236
136
36
64
426
326
226
126
26
74
146
136
126
116
106
96
46
36
26
16
6
4
54
64
74
84
94
104
427
327
227
127
27
73
426
326
226
126
26
74
425
325
225
125
25
75
127
126
125
124
123
122
27
26
25
24
23
22
73
74
75
76
77
78
417
317
217
117
17
83
416
316
216
116
16
84
415
315
215
115
15
85
117
116
115
114
113
112
17
16
15
14
13
12
83
84
85
86
87
88
47
37
27
17
7
3
46
36
26
16
6
4
45
35
25
15
5
5
17
16
15
14
13
12
7
6
5
4
3
2
3
4
5
6
7
8
53
54
55
56
57
58
63
64
65
66
67
68
73
74
75
76
77
78
56
66
76
86
96
106
57
67
77
87
97
107
58
68
78
88
98
108
437
337
237
137
37
63
427
327
227
127
27
73
417
317
217
117
17
83
137
127
117
107
97
87
37
27
17
7
3
13
63
73
83
93
103
113
436
336
236
136
36
64
426
326
226
126
26
74
416
316
216
116
16
84
136
126
116
106
96
86
36
26
16
6
4
14
64
74
84
94
104
114
417
317
217
117
17
83
416
316
216
116
16
84
415
315
215
115
15
85
117
116
115
114
113
112
17
16
15
14
13
12
83
84
85
86
87
88
137
127
117
107
97
87
136
126
116
106
96
86
135
125
115
105
95
85
107
106
105
104
103
102
97
96
95
94
93
92
87
86
85
84
83
82
37
27
17
7
3
13
36
26
16
6
4
14
17
16
15
14
13
12
7
6
5
4
3
2
3
4
5
6
7
8
32
22
12
2
8
18
63
64
65
66
67
68
73
74
75
76
77
78
83
84
85
86
87
88
66
76
86
96
106
116
67
77
87
97
107
117
68
78
88
98
108
118
67
57
47
37
27
17
57
47
37
27
17
7
47
37
27
17
7
3
37
27
17
7
3
13
27
17
7
3
13
23
17
7
3
13
23
33
57
47
37
27
17
7
56
46
36
26
16
6
55
45
35
25
15
5
27
26
25
24
23
22
17
16
15
14
13
12
7
6
5
4
3
2
47
37
27
17
7
3
46
36
26
16
6
4
45
35
25
15
5
5
17
16
15
14
13
12
7
6
5
4
3
2
3
4
5
6
7
8
37
27
17
7
3
13
36
26
16
6
4
14
17
16
15
14
13
12
7
6
5
4
3
2
3
4
5
6
7
8
32
22
12
2
8
18
27
17
7
3
13
23
17
16
15
14
13
12
7
6
5
4
3
2
3
4
5
6
7
8
23
13
3
7
17
27
22
12
2
8
18
28
17
7
3
13
23
33
7
6
5
4
3
2
3
4
5
6
7
8
13
14
15
16
17
18
13
3
7
17
27
37
12
2
8
18
28
38
33
34
35
36
37
38
43
44
45
46
47
48
53
54
55
56
57
58
36
46
56
66
76
86
37
47
57
67
77
87
38
48
58
68
78
88
43
44
45
46
47
48
53
54
55
56
57
58
63
64
65
66
67
68
46
56
66
76
86
96
47
57
67
77
87
97
48
58
68
78
88
98
53
54
55
56
57
58
63
64
65
66
67
68
73
74
75
76
77
78
56
66
76
86
96
106
57
67
77
87
97
107
58
68
78
88
98
108
63
64
65
66
67
68
73
74
75
76
77
78
83
84
85
86
87
88
66
76
86
96
106
116
67
77
87
97
107
117
68
78
88
98
108
118
37
47
57
67
77
87
47
57
67
77
87
97
57
67
77
87
97
107
67
77
87
97
107
117
77
87
97
107
117
127
87
97
107
117
127
137
38
48
58
68
78
88
48
58
68
78
88
98
58
68
78
88
98
108
68
78
88
98
108
118
78
88
98
108
118
128
88
98
108
118
128
138
367
267
167
67
33
133
357
257
157
57
43
143
167
157
147
137
127
117
67
57
47
37
27
17
33
43
53
63
73
83
317
217
117
17
83
183
357
257
157
57
43
143
347
247
147
47
53
153
157
147
137
127
117
107
57
47
37
27
17
7
43
53
63
73
83
93
307
207
107
7
93
193
347
247
147
47
53
153
337
237
137
37
63
163
147
137
127
117
107
97
47
37
27
17
7
3
53
63
73
83
93
103
297
197
97
3
103
203
67
57
47
37
27
17
57
47
37
27
17
7
47
37
27
17
7
3
37
27
17
7
3
13
27
17
7
3
13
23
17
7
3
13
23
33
33
43
53
63
73
83
43
53
63
73
83
93
53
63
73
83
93
103
63
73
83
93
103
113
73
83
93
103
113
123
83
93
103
113
123
133
317
217
117
17
83
183
307
207
107
7
93
193
117
107
97
87
77
67
17
7
3
13
23
33
83
93
103
113
123
133
267
167
67
33
133
233
357
257
157
57
43
143
347
247
147
47
53
153
157
147
137
127
117
107
57
47
37
27
17
7
43
53
63
73
83
93
307
207
107
7
93
193
356
256
156
56
44
144
346
246
146
46
54
154
156
146
136
126
116
106
56
46
36
26
16
6
44
54
64
74
84
94
306
206
106
6
94
194
337
237
137
37
63
163
336
236
136
36
64
164
137
136
135
134
133
132
37
36
35
34
33
32
63
64
65
66
67
68
332
232
132
32
68
168
57
47
37
27
17
7
56
46
36
26
16
6
55
45
35
25
15
5
27
26
25
24
23
22
17
16
15
14
13
12
7
6
5
4
3
2
43
44
45
46
47
48
53
54
55
56
57
58
63
64
65
66
67
68
46
56
66
76
86
96
47
57
67
77
87
97
48
58
68
78
88
98
307
207
107
7
93
193
306
206
106
6
94
194
107
106
105
104
103
102
7
6
5
4
3
2
93
94
95
96
97
98
302
202
102
2
98
198
347
247
147
47
53
153
337
237
137
37
63
163
147
137
127
117
107
97
47
37
27
17
7
3
53
63
73
83
93
103
297
197
97
3
103
203
346
246
146
46
54
154
336
236
136
36
64
164
146
136
126
116
106
96
46
36
26
16
6
4
54
64
74
84
94
104
296
196
96
4
104
204
327
227
127
27
73
173
326
226
126
26
74
174
127
126
125
124
123
122
27
26
25
24
23
22
73
74
75
76
77
78
322
222
122
22
78
178
47
37
27
17
7
3
46
36
26
16
6
4
45
35
25
15
5
5
17
16
15
14
13
12
7
6
5
4
3
2
3
4
5
6
7
8
53
54
55
56
57
58
63
64
65
66
67
68
73
74
75
76
77
78
56
66
76
86
96
106
57
67
77
87
97
107
58
68
78
88
98
108
297
197
97
3
103
203
296
196
96
4
104
204
97
96
95
94
93
92
3
4
5
6
7
8
103
104
105
106
107
108
292
192
92
8
108
208
67
57
47
37
27
17
57
47
37
27
17
7
47
37
27
17
7
3
37
27
17
7
3
13
27
17
7
3
13
23
17
7
3
13
23
33
57
47
37
27
17
7
56
46
36
26
16
6
55
45
35
25
15
5
27
26
25
24
23
22
17
16
15
14
13
12
7
6
5
4
3
2
47
37
27
17
7
3
46
36
26
16
6
4
45
35
25
15
5
5
17
16
15
14
13
12
7
6
5
4
3
2
3
4
5
6
7
8
37
27
17
7
3
13
36
26
16
6
4
14
17
16
15
14
13
12
7
6
5
4
3
2
3
4
5
6
7
8
32
22
12
2
8
18
27
17
7
3
13
23
17
16
15
14
13
12
7
6
5
4
3
2
3
4
5
6
7
8
23
13
3
7
17
27
22
12
2
8
18
28
17
7
3
13
23
33
7
6
5
4
3
2
3
4
5
6
7
8
13
14
15
16
17
18
13
3
7
17
27
37
12
2
8
18
28
38
33
34
35
36
37
38
43
44
45
46
47
48
53
54
55
56
57
58
36
46
56
66
76
86
37
47
57
67
77
87
38
48
58
68
78
88
43
44
45
46
47
48
53
54
55
56
57
58
63
64
65
66
67
68
46
56
66
76
86
96
47
57
67
77
87
97
48
58
68
78
88
98
53
54
55
56
57
58
63
64
65
66
67
68
73
74
75
76
77
78
56
66
76
86
96
106
57
67
77
87
97
107
58
68
78
88
98
108
63
64
65
66
67
68
73
74
75
76
77
78
83
84
85
86
87
88
66
76
86
96
106
116
67
77
87
97
107
117
68
78
88
98
108
118
37
47
57
67
77
87
47
57
67
77
87
97
57
67
77
87
97
107
67
77
87
97
107
117
77
87
97
107
117
127
87
97
107
117
127
137
38
48
58
68
78
88
48
58
68
78
88
98
58
68
78
88
98
108
68
78
88
98
108
118
78
88
98
108
118
128
88
98
108
118
128
138
317
217
117
17
83
183
307
207
107
7
93
193
117
107
97
87
77
67
17
7
3
13
23
33
83
93
103
113
123
133
267
167
67
33
133
233
307
207
107
7
93
193
306
206
106
6
94
194
107
106
105
104
103
102
7
6
5
4
3
2
93
94
95
96
97
98
302
202
102
2
98
198
117
107
97
87
77
67
116
106
96
86
76
66
115
105
95
85
75
65
87
86
85
84
83
82
77
76
75
74
73
72
67
66
65
64
63
62
17
7
3
13
23
33
7
6
5
4
3
2
3
4
5
6
7
8
13
14
15
16
17
18
13
3
7
17
27
37
12
2
8
18
28
38
313
213
113
13
87
187
303
203
103
3
97
197
113
103
93
83
73
63
13
3
7
17
27
37
87
97
107
117
127
137
263
163
63
37
137
237
312
212
112
12
88
188
302
202
102
2
98
198
112
102
92
82
72
62
12
2
8
18
28
38
88
98
108
118
128
138
262
162
62
38
138
238
267
167
67
33
133
233
167
157
147
137
127
117
67
57
47
37
27
17
33
43
53
63
73
83
227
127
27
73
173
273
217
117
17
83
183
283
266
166
66
34
134
234
166
156
146
136
126
116
66
56
46
36
26
16
34
44
54
64
74
84
226
126
26
74
174
274
216
116
16
84
184
284
67
57
47
37
27
17
66
56
46
36
26
16
65
55
45
35
25
15
37
36
35
34
33
32
27
26
25
24
23
22
17
16
15
14
13
12
33
34
35
36
37
38
43
44
45
46
47
48
53
54
55
56
57
58
36
46
56
66
76
86
37
47
57
67
77
87
38
48
58
68
78
88
227
127
27
73
173
273
127
126
125
124
123
122
27
26
25
24
23
22
73
74
75
76
77
78
223
123
23
77
177
277
222
122
22
78
178
278
217
117
17
83
183
283
117
116
115
114
113
112
17
16
15
14
13
12
83
84
85
86
87
88
213
113
13
87
187
287
212
112
12
88
188
288
257
157
57
43
143
243
157
147
137
127
117
107
57
47
37
27
17
7
43
53
63
73
83
93
217
117
17
83
183
283
207
107
7
93
193
293
256
156
56
44
144
244
156
146
136
126
116
106
56
46
36
26
16
6
44
54
64
74
84
94
216
116
16
84
184
284
206
106
6
94
194
294
57
47
37
27
17
7
56
46
36
26
16
6
55
45
35
25
15
5
27
26
25
24
23
22
17
16
15
14
13
12
7
6
5
4
3
2
43
44
45
46
47
48
53
54
55
56
57
58
63
64
65
66
67
68
46
56
66
76
86
96
47
57
67
77
87
97
48
58
68
78
88
98
217
117
17
83
183
283
117
116
115
114
113
112
17
16
15
14
13
12
83
84
85
86
87
88
213
113
13
87
187
287
212
112
12
88
188
288
207
107
7
93
193
293
107
106
105
104
103
102
7
6
5
4
3
2
93
94
95
96
97
98
203
103
3
97
197
297
202
102
2
98
198
298
67
57
47
37
27
17
57
47
37
27
17
7
47
37
27
17
7
3
37
27
17
7
3
13
27
17
7
3
13
23
17
7
3
13
23
33
57
47
37
27
17
7
56
46
36
26
16
6
55
45
35
25
15
5
27
26
25
24
23
22
17
16
15
14
13
12
7
6
5
4
3
2
47
37
27
17
7
3
46
36
26
16
6
4
45
35
25
15
5
5
17
16
15
14
13
12
7
6
5
4
3
2
3
4
5
6
7
8
37
27
17
7
3
13
36
26
16
6
4
14
17
16
15
14
13
12
7
6
5
4
3
2
3
4
5
6
7
8
32
22
12
2
8
18
27
17
7
3
13
23
17
16
15
14
13
12
7
6
5
4
3
2
3
4
5
6
7
8
23
13
3
7
17
27
22
12
2
8
18
28
17
7
3
13
23
33
7
6
5
4
3
2
3
4
5
6
7
8
13
14
15
16
17
18
13
3
7
17
27
37
12
2
8
18
28
38
33
34
35
36
37
38
43
44
45
46
47
48
53
54
55
56
57
58
36
46
56
66
76
86
37
47
57
67
77
87
38
48
58
68
78
88
43
44
45
46
47
48
53
54
55
56
57
58
63
64
65
66
67
68
46
56
66
76
86
96
47
57
67
77
87
97
48
58
68
78
88
98
53
54
55
56
57
58
63
64
65
66
67
68
73
74
75
76
77
78
56
66
76
86
96
106
57
67
77
87
97
107
58
68
78
88
98
108
63
64
65
66
67
68
73
74
75
76
77
78
83
84
85
86
87
88
66
76
86
96
106
116
67
77
87
97
107
117
68
78
88
98
108
118
37
47
57
67
77
87
47
57
67
77
87
97
57
67
77
87
97
107
67
77
87
97
107
117
77
87
97
107
117
127
87
97
107
117
127
137
38
48
58
68
78
88
48
58
68
78
88
98
58
68
78
88
98
108
68
78
88
98
108
118
78
88
98
108
118
128
88
98
108
118
128
138
227
127
27
73
173
273
127
117
107
97
87
77
27
17
7
3
13
23
73
83
93
103
113
123
187
87
13
113
213
313
177
77
23
123
223
323
